2 0.2764423076923077 0.8161057692307693 0.28365384615384615 0.2668269230769231
2 0.19230769230769232 0.40384615384615385 0.07692307692307693 0.17307692307692307
2 0.4483173076923077 0.15745192307692307 0.16826923076923078 0.13701923076923078
2 0.9603365384615384 0.12980769230769232 0.06971153846153846 0.18509615384615385
2 0.9423076923076923 0.37259615384615385 0.11538461538461539 0.07932692307692307
2 0.9579326923076923 0.4639423076923077 0.06009615384615385 0.07692307692307693
2 0.5829326923076923 0.36538461538461536 0.052884615384615384 0.1346153846153846
2 0.640625 0.2932692307692308 0.06009615384615385 0.07211538461538461
2 0.6550480769230769 0.22355769230769232 0.06971153846153846 0.06490384615384616
2 0.24879807692307693 0.1466346153846154 0.15625 0.14903846153846154
2 0.046875 0.28125 0.08653846153846154 0.08653846153846154
2 0.28846153846153844 0.4639423076923077 0.040865384615384616 0.057692307692307696
2 0.32572115384615385 0.45072115384615385 0.038461538461538464 0.04567307692307692
2 0.14423076923076922 0.49399038461538464 0.05048076923076923 0.06490384615384616
2 0.25 0.06370192307692307 0.04567307692307692 0.05048076923076923
2 0.9122596153846154 0.9158653846153846 0.09615384615384616 0.10576923076923077