0 0.17307692307692307 0.3798076923076923 0.30528846153846156 0.40625
0 0.44711538461538464 0.6262019230769231 0.33653846153846156 0.6274038461538461
0 0.20072115384615385 0.8269230769230769 0.10336538461538461 0.10096153846153846
0 0.1141826923076923 0.8665865384615384 0.22355769230769232 0.19471153846153846
0 0.08173076923076923 0.6237980769230769 0.16346153846153846 0.11298076923076923
0 0.4230769230769231 0.8028846153846154 0.09615384615384616 0.15384615384615385
0 0.8269230769230769 0.5 0.09615384615384616 0.17307692307692307
0 0.7728365384615384 0.38461538461538464 0.08173076923076923 0.20192307692307693
0 0.9074519230769231 0.7283653846153846 0.06971153846153846 0.15625
0 0.6778846153846154 0.5216346153846154 0.1346153846153846 0.22355769230769232
0 0.5733173076923077 0.43028846153846156 0.19230769230769232 0.35336538461538464
0 0.35697115384615385 0.26322115384615385 0.12980769230769232 0.08173076923076923