0 0.08533653846153846 0.19230769230769232 0.1658653846153846 0.125
0 0.04567307692307692 0.25240384615384615 0.09134615384615384 0.12980769230769232
0 0.13581730769230768 0.6670673076923077 0.23798076923076922 0.19471153846153846
0 0.24759615384615385 0.8112980769230769 0.18509615384615385 0.20673076923076922
0 0.7415865384615384 0.8076923076923077 0.19230769230769232 0.16105769230769232
0 0.5697115384615384 0.8521634615384616 0.125 0.24519230769230768
0 0.46274038461538464 0.8665865384615384 0.1201923076923077 0.23557692307692307
0 0.19951923076923078 0.45072115384615385 0.21153846153846154 0.20432692307692307
0 0.28725961538461536 0.22235576923076922 0.17548076923076922 0.18509615384615385
0 0.38461538461538464 0.27524038461538464 0.18509615384615385 0.125
0 0.39903846153846156 0.3389423076923077 0.15384615384615385 0.16826923076923078
0 0.07211538461538461 0.40865384615384615 0.14423076923076922 0.15865384615384615
0 0.5264423076923077 0.5240384615384616 0.20192307692307693 0.11298076923076923
0 0.4795673076923077 0.3112980769230769 0.10576923076923077 0.14903846153846154
0 0.5625 0.27163461538461536 0.09615384615384616 0.125
0 0.6262019230769231 0.2956730769230769 0.052884615384615384 0.07451923076923077
0 0.8125 0.3088942307692308 0.16105769230769232 0.10096153846153846
0 0.8557692307692307 0.36899038461538464 0.18269230769230768 0.13942307692307693
0 0.7548076923076923 0.5144230769230769 0.2548076923076923 0.1466346153846154
0 0.8449519230769231 0.6165865384615384 0.21634615384615385 0.1466346153846154
0 0.6117788461538461 0.6538461538461539 0.17307692307692307 0.13221153846153846
0 0.5697115384615384 0.4026442307692308 0.1658653846153846 0.11778846153846154
0 0.8269230769230769 0.7524038461538461 0.15865384615384615 0.0985576923076923