0 0.45552884615384615 0.15504807692307693 0.09615384615384616 0.20673076923076922
0 0.7355769230769231 0.21033653846153846 0.15144230769230768 0.22355769230769232
0 0.9278846153846154 0.35216346153846156 0.13942307692307693 0.20673076923076922
0 0.8762019230769231 0.5 0.16346153846153846 0.23317307692307693
0 0.8052884615384616 0.8677884615384616 0.2548076923076923 0.24519230769230768
0 0.8293269230769231 0.6706730769230769 0.12259615384615384 0.13942307692307693
0 0.5144230769230769 0.7932692307692307 0.11538461538461539 0.31971153846153844
0 0.5168269230769231 0.515625 0.2620192307692308 0.3581730769230769
0 0.6646634615384616 0.5360576923076923 0.1346153846153846 0.23317307692307693
0 0.5228365384615384 0.28725961538461536 0.13942307692307693 0.23317307692307693
0 0.34134615384615385 0.1658653846153846 0.08413461538461539 0.28125
0 0.23798076923076922 0.16346153846153846 0.04567307692307692 0.18269230769230768
0 0.28966346153846156 0.5721153846153846 0.10096153846153846 0.18269230769230768
0 0.23918269230769232 0.8341346153846154 0.057692307692307696 0.1466346153846154
0 0.21514423076923078 0.7223557692307693 0.04567307692307692 0.1201923076923077
0 0.21033653846153846 0.5853365384615384 0.05048076923076923 0.1658653846153846
0 0.38341346153846156 0.7872596153846154 0.10336538461538461 0.25
0 0.07211538461538461 0.4795673076923077 0.055288461538461536 0.19230769230769232