0 0.17067307692307693 0.3016826923076923 0.10336538461538461 0.16105769230769232
0 0.35096153846153844 0.2692307692307692 0.1875 0.1201923076923077
0 0.42908653846153844 0.5408653846153846 0.14182692307692307 0.24519230769230768
0 0.5216346153846154 0.8762019230769231 0.20673076923076922 0.18028846153846154
0 0.6454326923076923 0.5697115384615384 0.16105769230769232 0.15144230769230768
0 0.5949519230769231 0.28125 0.15865384615384615 0.1658653846153846
0 0.6670673076923077 0.3918269230769231 0.15144230769230768 0.17548076923076922
0 0.7067307692307693 0.17548076923076922 0.14182692307692307 0.1346153846153846
0 0.8064903846153846 0.39663461538461536 0.12259615384615384 0.15625
0 0.9543269230769231 0.35336538461538464 0.0889423076923077 0.11538461538461539
0 0.5456730769230769 0.10336538461538461 0.0625 0.13942307692307693