0 0.4735576923076923 0.4855769230769231 0.2620192307692308 0.17307692307692307
0 0.24519230769230768 0.3449519230769231 0.17548076923076922 0.12259615384615384
0 0.6634615384615384 0.22716346153846154 0.27884615384615385 0.1875
0 0.5456730769230769 0.1045673076923077 0.21634615384615385 0.14182692307692307
0 0.4338942307692308 0.2776442307692308 0.2091346153846154 0.15384615384615385
0 0.8894230769230769 0.17668269230769232 0.21634615384615385 0.15384615384615385
0 0.7800480769230769 0.44350961538461536 0.2644230769230769 0.19471153846153846
0 0.8161057692307693 0.6730769230769231 0.27403846153846156 0.22115384615384615
0 0.7115384615384616 0.8305288461538461 0.23798076923076922 0.16826923076923078
0 0.8870192307692307 0.8353365384615384 0.18509615384615385 0.18028846153846154
0 0.6346153846153846 0.6754807692307693 0.16826923076923078 0.14903846153846154
0 0.5288461538461539 0.6478365384615384 0.23798076923076922 0.17548076923076922
0 0.30288461538461536 0.8485576923076923 0.2403846153846154 0.20673076923076922
0 0.46274038461538464 0.8076923076923077 0.18509615384615385 0.1466346153846154
0 0.12980769230769232 0.4963942307692308 0.19471153846153846 0.17307692307692307
0 0.09495192307692307 0.71875 0.18990384615384615 0.16105769230769232
0 0.06490384615384616 0.46033653846153844 0.12980769230769232 0.16826923076923078
0 0.3449519230769231 0.6526442307692307 0.22115384615384615 0.19471153846153846
0 0.7860576923076923 0.05048076923076923 0.24759615384615385 0.10096153846153846