0 0.49038461538461536 0.06850961538461539 0.125 0.09615384615384616
0 0.3125 0.06850961538461539 0.08173076923076923 0.11057692307692307
0 0.2091346153846154 0.14783653846153846 0.15865384615384615 0.1346153846153846
0 0.6658653846153846 0.25961538461538464 0.07211538461538461 0.10336538461538461
0 0.7560096153846154 0.3389423076923077 0.14423076923076922 0.11298076923076923
0 0.8509615384615384 0.47716346153846156 0.07211538461538461 0.14903846153846154
0 0.6454326923076923 0.41225961538461536 0.10096153846153846 0.11778846153846154
0 0.6778846153846154 0.5552884615384616 0.18990384615384615 0.11298076923076923
0 0.43149038461538464 0.4326923076923077 0.24278846153846154 0.2091346153846154
0 0.31009615384615385 0.5745192307692307 0.2956730769230769 0.24519230769230768
0 0.49278846153846156 0.7259615384615384 0.17067307692307693 0.13221153846153846
0 0.08653846153846154 0.8052884615384616 0.1658653846153846 0.16346153846153846
0 0.6454326923076923 0.7704326923076923 0.15625 0.11298076923076923
0 0.6057692307692307 0.9242788461538461 0.0889423076923077 0.13942307692307693
0 0.7716346153846154 0.71875 0.13701923076923078 0.3004807692307692
0 0.7199519230769231 0.6418269230769231 0.1201923076923077 0.09615384615384616
0 0.3581730769230769 0.2776442307692308 0.14903846153846154 0.10336538461538461
0 0.37259615384615385 0.2512019230769231 0.1466346153846154 0.11298076923076923