2 0.25841346153846156 0.3161057692307692 0.13701923076923078 0.20673076923076922
2 0.4266826923076923 0.5889423076923077 0.0985576923076923 0.21394230769230768
2 0.15625 0.6778846153846154 0.06490384615384616 0.07692307692307693
2 0.21995192307692307 0.44591346153846156 0.07932692307692307 0.07692307692307693
2 0.47836538461538464 0.30528846153846156 0.040865384615384616 0.08173076923076923
2 0.39783653846153844 0.3449519230769231 0.0985576923076923 0.10336538461538461
2 0.30288461538461536 0.08653846153846154 0.04807692307692308 0.07211538461538461
2 0.36899038461538464 0.08413461538461539 0.040865384615384616 0.03125
2 0.055288461538461536 0.21754807692307693 0.08173076923076923 0.13942307692307693
2 0.11658653846153846 0.09254807692307693 0.08413461538461539 0.12740384615384615
2 0.21634615384615385 0.06490384615384616 0.06009615384615385 0.06971153846153846
2 0.5576923076923077 0.06610576923076923 0.05048076923076923 0.07692307692307693
2 0.5180288461538461 0.21754807692307693 0.10576923076923077 0.18269230769230768
2 0.4879807692307692 0.14783653846153846 0.02403846153846154 0.036057692307692304
2 0.3894230769230769 0.2247596153846154 0.11298076923076923 0.16105769230769232
2 0.3786057692307692 0.22355769230769232 0.0625 0.07451923076923077
2 0.25961538461538464 0.16947115384615385 0.06009615384615385 0.057692307692307696
2 0.35096153846153844 0.4879807692307692 0.0625 0.04567307692307692
2 0.5456730769230769 0.36538461538461536 0.021634615384615384 0.055288461538461536
2 0.5901442307692307 0.4014423076923077 0.038461538461538464 0.052884615384615384
2 0.6730769230769231 0.4423076923076923 0.04807692307692308 0.040865384615384616