2 0.38221153846153844 0.19110576923076922 0.04807692307692308 0.06971153846153846
2 0.3269230769230769 0.11177884615384616 0.057692307692307696 0.07932692307692307
2 0.2283653846153846 0.23677884615384615 0.057692307692307696 0.040865384615384616
2 0.17427884615384615 0.16466346153846154 0.06490384615384616 0.10817307692307693
2 0.12740384615384615 0.3870192307692308 0.06971153846153846 0.08413461538461539
2 0.13341346153846154 0.5 0.06009615384615385 0.05048076923076923
2 0.24879807692307693 0.46274038461538464 0.038461538461538464 0.028846153846153848
2 0.2764423076923077 0.45552884615384615 0.03365384615384615 0.04567307692307692
2 0.30528846153846156 0.5120192307692307 0.038461538461538464 0.05048076923076923
2 0.3389423076923077 0.2956730769230769 0.07932692307692307 0.10817307692307693
2 0.5420673076923077 0.3737980769230769 0.04326923076923077 0.052884615384615384
2 0.5144230769230769 0.5841346153846154 0.05048076923076923 0.04326923076923077
2 0.5444711538461539 0.5132211538461539 0.04326923076923077 0.03125
2 0.4651442307692308 0.47596153846153844 0.026442307692307692 0.02403846153846154
2 0.46274038461538464 0.31971153846153844 0.026442307692307692 0.002403846153846154
2 0.4723557692307692 0.359375 0.03125 0.026442307692307692
2 0.4026442307692308 0.3894230769230769 0.02403846153846154 0.04326923076923077
2 0.38822115384615385 0.45552884615384615 0.040865384615384616 0.02403846153846154
2 0.3786057692307692 0.5396634615384616 0.04326923076923077 0.026442307692307692
2 0.22115384615384615 0.6394230769230769 0.06490384615384616 0.09134615384615384
2 0.25721153846153844 0.5949519230769231 0.06971153846153846 0.06971153846153846
2 0.5528846153846154 0.15745192307692307 0.06971153846153846 0.05048076923076923
2 0.5745192307692307 0.054086538461538464 0.040865384615384616 0.04326923076923077
2 0.4735576923076923 0.234375 0.125 0.11538461538461539