2 0.39783653846153844 0.07692307692307693 0.07692307692307693 0.10576923076923077
2 0.15865384615384615 0.05048076923076923 0.04326923076923077 0.036057692307692304
2 0.11057692307692307 0.328125 0.06009615384615385 0.04807692307692308
2 0.051682692307692304 0.421875 0.0889423076923077 0.10576923076923077
2 0.19471153846153846 0.5384615384615384 0.052884615384615384 0.04326923076923077
2 0.29927884615384615 0.3629807692307692 0.08413461538461539 0.16346153846153846
2 0.5300480769230769 0.421875 0.17307692307692307 0.20673076923076922
2 0.5108173076923077 0.1201923076923077 0.08413461538461539 0.0985576923076923
2 0.2980769230769231 0.5264423076923077 0.057692307692307696 0.10336538461538461
2 0.23317307692307693 0.20072115384615385 0.06009615384615385 0.06971153846153846
2 0.23677884615384615 0.08173076923076923 0.038461538461538464 0.016826923076923076
2 0.5228365384615384 0.2403846153846154 0.08413461538461539 0.07451923076923077
2 0.3954326923076923 0.3629807692307692 0.052884615384615384 0.11778846153846154
2 0.3173076923076923 0.21995192307692307 0.057692307692307696 0.09375
2 0.15745192307692307 0.22115384615384615 0.06490384615384616 0.14423076923076922
2 0.21514423076923078 0.44350961538461536 0.03125 0.021634615384615384
2 0.1658653846153846 0.4567307692307692 0.08413461538461539 0.07692307692307693
2 0.08413461538461539 0.5949519230769231 0.028846153846153848 0.036057692307692304
2 0.5985576923076923 0.10096153846153846 0.06490384615384616 0.07211538461538461
2 0.4098557692307692 0.21514423076923078 0.07211538461538461 0.08653846153846154
2 0.35336538461538464 0.46634615384615385 0.028846153846153848 0.028846153846153848
2 0.41346153846153844 0.4495192307692308 0.009615384615384616 0.038461538461538464
2 0.4170673076923077 0.5324519230769231 0.016826923076923076 0.021634615384615384
2 0.2620192307692308 0.7776442307692307 0.06490384615384616 0.052884615384615384
2 0.8413461538461539 0.859375 0.036057692307692304 0.08173076923076923