2 0.10216346153846154 0.421875 0.0673076923076923 0.12980769230769232
2 0.08774038461538461 0.5817307692307693 0.10096153846153846 0.09134615384615384
2 0.203125 0.6370192307692307 0.04567307692307692 0.15384615384615385
2 0.296875 0.5961538461538461 0.0889423076923077 0.06971153846153846
2 0.35216346153846156 0.47475961538461536 0.0625 0.07211538461538461
2 0.42427884615384615 0.3245192307692308 0.11057692307692307 0.08173076923076923
2 0.28125 0.02403846153846154 0.057692307692307696 0.04326923076923077
2 0.13822115384615385 0.2247596153846154 0.04807692307692308 0.055288461538461536
2 0.051682692307692304 0.12139423076923077 0.026442307692307692 0.07211538461538461
2 0.6983173076923077 0.07932692307692307 0.08653846153846154 0.10576923076923077
2 0.9615384615384616 0.17548076923076922 0.0673076923076923 0.04326923076923077
2 0.41586538461538464 0.0733173076923077 0.08173076923076923 0.10817307692307693
2 0.49038461538461536 0.11298076923076923 0.02403846153846154 0.06490384615384616
2 0.5540865384615384 0.20432692307692307 0.04326923076923077 0.10096153846153846
2 0.4206730769230769 0.6538461538461539 0.021634615384615384 0.026442307692307692
2 0.44471153846153844 0.5697115384615384 0.03365384615384615 0.052884615384615384
2 0.5408653846153846 0.4567307692307692 0.019230769230769232 0.1346153846153846
2 0.2800480769230769 0.3605769230769231 0.07692307692307693 0.0889423076923077
2 0.23197115384615385 0.25721153846153844 0.04326923076923077 0.055288461538461536
2 0.30528846153846156 0.21995192307692307 0.02403846153846154 0.09615384615384616
2 0.11177884615384616 0.12259615384615384 0.052884615384615384 0.07692307692307693
2 0.20192307692307693 0.8930288461538461 0.04326923076923077 0.055288461538461536
2 0.25961538461538464 0.7259615384615384 0.014423076923076924 0.019230769230769232
2 0.28365384615384615 0.7956730769230769 0.036057692307692304 0.028846153846153848
2 0.14423076923076922 0.7463942307692307 0.06490384615384616 0.06490384615384616
2 0.5036057692307693 0.2800480769230769 0.038461538461538464 0.040865384615384616
2 0.5649038461538461 0.06129807692307692 0.04567307692307692 0.06971153846153846
2 0.8641826923076923 0.07692307692307693 0.0625 0.04807692307692308