2 0.19951923076923078 0.3545673076923077 0.06490384615384616 0.09615384615384616
2 0.1814903846153846 0.4795673076923077 0.08653846153846154 0.09615384615384616
2 0.2668269230769231 0.328125 0.036057692307692304 0.052884615384615384
2 0.3605769230769231 0.5264423076923077 0.09375 0.10096153846153846
2 0.37259615384615385 0.453125 0.055288461538461536 0.06009615384615385
2 0.47836538461538464 0.26802884615384615 0.09615384615384616 0.04807692307692308
2 0.49399038461538464 0.1971153846153846 0.04807692307692308 0.08173076923076923
2 0.5 0.055288461538461536 0.0625 0.10336538461538461
2 0.7716346153846154 0.06129807692307692 0.08653846153846154 0.08653846153846154
2 0.6045673076923077 0.1346153846153846 0.05048076923076923 0.09375
2 0.5444711538461539 0.3389423076923077 0.06971153846153846 0.06971153846153846
2 0.4362980769230769 0.5072115384615384 0.04326923076923077 0.07932692307692307
2 0.44471153846153844 0.4206730769230769 0.08173076923076923 0.05048076923076923
2 0.38341346153846156 0.31971153846153844 0.07211538461538461 0.08653846153846154
2 0.33533653846153844 0.23197115384615385 0.04807692307692308 0.0625
2 0.23317307692307693 0.09014423076923077 0.04326923076923077 0.07451923076923077
2 0.28125 0.609375 0.05048076923076923 0.04326923076923077
2 0.2704326923076923 0.7944711538461539 0.07451923076923077 0.09134615384615384
2 0.4891826923076923 0.5973557692307693 0.04326923076923077 0.0673076923076923
2 0.7415865384615384 0.16346153846153846 0.040865384615384616 0.06490384615384616