2 0.4362980769230769 0.18870192307692307 0.07211538461538461 0.18028846153846154
2 0.37259615384615385 0.04567307692307692 0.0673076923076923 0.052884615384615384
2 0.12139423076923077 0.20793269230769232 0.16826923076923078 0.19951923076923078
2 0.23076923076923078 0.24278846153846154 0.07932692307692307 0.10096153846153846
2 0.22115384615384615 0.038461538461538464 0.07932692307692307 0.05048076923076923
2 0.3293269230769231 0.23557692307692307 0.12980769230769232 0.3293269230769231
2 0.28966346153846156 0.4495192307692308 0.05048076923076923 0.03365384615384615
2 0.05048076923076923 0.359375 0.08653846153846154 0.036057692307692304
2 0.4182692307692308 0.4723557692307692 0.06009615384615385 0.15144230769230768
2 0.4543269230769231 0.6177884615384616 0.055288461538461536 0.10817307692307693
2 0.5444711538461539 0.23798076923076922 0.036057692307692304 0.04567307692307692
2 0.5564903846153846 0.3245192307692308 0.0985576923076923 0.0889423076923077
2 0.47836538461538464 0.08413461538461539 0.055288461538461536 0.11057692307692307
2 0.5733173076923077 0.125 0.03365384615384615 0.038461538461538464
2 0.6237980769230769 0.04447115384615385 0.0673076923076923 0.036057692307692304
2 0.5048076923076923 0.22716346153846154 0.05048076923076923 0.057692307692307696