2 0.28125 0.36778846153846156 0.057692307692307696 0.07211538461538461
2 0.3233173076923077 0.47836538461538464 0.03365384615384615 0.0625
2 0.20072115384615385 0.5120192307692307 0.05048076923076923 0.05048076923076923
2 0.10216346153846154 0.5240384615384616 0.08173076923076923 0.052884615384615384
2 0.037259615384615384 0.2403846153846154 0.07451923076923077 0.18269230769230768
2 0.23076923076923078 0.12259615384615384 0.07451923076923077 0.07211538461538461
2 0.39783653846153844 0.08653846153846154 0.02403846153846154 0.04807692307692308
2 0.5324519230769231 0.18269230769230768 0.052884615384615384 0.1466346153846154
2 0.5420673076923077 0.34615384615384615 0.06490384615384616 0.15625
2 0.4723557692307692 0.31850961538461536 0.0625 0.0625
2 0.7512019230769231 0.06850961538461539 0.12980769230769232 0.125
2 0.8605769230769231 0.04326923076923077 0.07692307692307693 0.07451923076923077
2 0.6310096153846154 0.19951923076923078 0.055288461538461536 0.07211538461538461
2 0.49399038461538464 0.06610576923076923 0.036057692307692304 0.036057692307692304
2 0.37259615384615385 0.3425480769230769 0.07932692307692307 0.07451923076923077
2 0.31850961538461536 0.24759615384615385 0.03125 0.04326923076923077
2 0.39663461538461536 0.609375 0.055288461538461536 0.04326923076923077
2 0.5372596153846154 0.5360576923076923 0.09615384615384616 0.13221153846153846
2 0.6322115384615384 0.44711538461538464 0.06009615384615385 0.07932692307692307
2 0.6478365384615384 0.37259615384615385 0.028846153846153848 0.03125
2 0.4050480769230769 0.2548076923076923 0.016826923076923076 0.04326923076923077
2 0.28846153846153844 0.6466346153846154 0.040865384615384616 0.03125
2 0.1310096153846154 0.6754807692307693 0.07451923076923077 0.06971153846153846
2 0.13221153846153846 0.7487980769230769 0.04567307692307692 0.06490384615384616
2 0.021634615384615384 0.42427884615384615 0.038461538461538464 0.055288461538461536
2 0.0985576923076923 0.40865384615384615 0.05048076923076923 0.04567307692307692
2 0.6658653846153846 0.10697115384615384 0.038461538461538464 0.03125
2 0.46875 0.21394230769230768 0.028846153846153848 0.036057692307692304
2 0.3473557692307692 0.1778846153846154 0.026442307692307692 0.036057692307692304
2 0.27884615384615385 0.0673076923076923 0.03125 0.02403846153846154
2 0.5625 0.055288461538461536 0.04807692307692308 0.038461538461538464
2 0.47115384615384615 0.019230769230769232 0.06009615384615385 0.038461538461538464
2 0.6394230769230769 0.04927884615384615 0.04326923076923077 0.06009615384615385
2 0.4807692307692308 0.484375 0.0673076923076923 0.08173076923076923
2 0.22956730769230768 0.24158653846153846 0.09134615384615384 0.04567307692307692
2 0.25240384615384615 0.30288461538461536 0.052884615384615384 0.036057692307692304