2 0.7235576923076923 0.31009615384615385 0.08413461538461539 0.15625
2 0.8161057692307693 0.6574519230769231 0.0673076923076923 0.1346153846153846
2 0.6418269230769231 0.5757211538461539 0.09615384615384616 0.125
2 0.46033653846153844 0.13701923076923078 0.04807692307692308 0.06490384615384616
2 0.8653846153846154 0.23197115384615385 0.09134615384615384 0.09134615384615384
2 0.6742788461538461 0.8389423076923077 0.040865384615384616 0.11298076923076923
2 0.9555288461538461 0.9074519230769231 0.07692307692307693 0.14423076923076922
2 0.7415865384615384 0.5192307692307693 0.04567307692307692 0.06971153846153846
2 0.4567307692307692 0.9158653846153846 0.06009615384615385 0.07692307692307693
2 0.4050480769230769 0.3449519230769231 0.06009615384615385 0.055288461538461536
2 0.030048076923076924 0.37259615384615385 0.057692307692307696 0.10336538461538461