2 0.24759615384615385 0.3389423076923077 0.0673076923076923 0.07692307692307693
2 0.2247596153846154 0.45552884615384615 0.08413461538461539 0.13701923076923078
2 0.06129807692307692 0.47475961538461536 0.06971153846153846 0.0625
2 0.39663461538461536 0.49158653846153844 0.08653846153846154 0.08413461538461539
2 0.42427884615384615 0.4375 0.0673076923076923 0.06009615384615385
2 0.5132211538461539 0.4026442307692308 0.07932692307692307 0.0673076923076923
2 0.5108173076923077 0.265625 0.07932692307692307 0.055288461538461536
2 0.4519230769230769 0.2932692307692308 0.0673076923076923 0.07451923076923077
2 0.33533653846153844 0.2980769230769231 0.04567307692307692 0.0673076923076923
2 0.3485576923076923 0.38341346153846156 0.09615384615384616 0.0673076923076923
2 0.31009615384615385 0.08173076923076923 0.038461538461538464 0.0625
2 0.3269230769230769 0.16826923076923078 0.038461538461538464 0.0625
2 0.3918269230769231 0.10336538461538461 0.036057692307692304 0.07932692307692307
2 0.5600961538461539 0.07091346153846154 0.07932692307692307 0.1201923076923077
2 0.6694711538461539 0.12139423076923077 0.052884615384615384 0.11057692307692307
2 0.7524038461538461 0.07692307692307693 0.036057692307692304 0.0673076923076923
2 0.7920673076923077 0.14903846153846154 0.0673076923076923 0.11538461538461539
2 0.8221153846153846 0.04447115384615385 0.0985576923076923 0.0889423076923077
2 0.9483173076923077 0.07572115384615384 0.04807692307692308 0.04807692307692308
2 0.39783653846153844 0.23317307692307693 0.057692307692307696 0.057692307692307696
2 0.17548076923076922 0.14182692307692307 0.028846153846153848 0.038461538461538464
2 0.2956730769230769 0.5144230769230769 0.036057692307692304 0.04326923076923077
2 0.3137019230769231 0.578125 0.052884615384615384 0.04807692307692308
2 0.3641826923076923 0.609375 0.04326923076923077 0.08653846153846154
2 0.5288461538461539 0.5685096153846154 0.03365384615384615 0.08653846153846154
2 0.4026442307692308 0.7175480769230769 0.05048076923076923 0.05048076923076923
2 0.22596153846153846 0.6514423076923077 0.036057692307692304 0.026442307692307692
2 0.038461538461538464 0.6057692307692307 0.036057692307692304 0.04326923076923077
2 0.12860576923076922 0.3125 0.036057692307692304 0.04807692307692308
2 0.054086538461538464 0.042067307692307696 0.06490384615384616 0.0673076923076923
2 0.01201923076923077 0.21514423076923078 0.01201923076923077 0.06971153846153846
2 0.5865384615384616 0.4675480769230769 0.05048076923076923 0.040865384615384616
2 0.484375 0.15625 0.04807692307692308 0.09375