2 0.4735576923076923 0.21033653846153846 0.04326923076923077 0.16105769230769232
2 0.10697115384615384 0.296875 0.08653846153846154 0.07451923076923077
2 0.08052884615384616 0.1045673076923077 0.0673076923076923 0.12740384615384615
2 0.28365384615384615 0.19591346153846154 0.07211538461538461 0.0889423076923077
2 0.3942307692307692 0.055288461538461536 0.04567307692307692 0.04807692307692308
2 0.33653846153846156 0.4170673076923077 0.03125 0.04326923076923077
2 0.41225961538461536 0.20432692307692307 0.026442307692307692 0.04807692307692308
2 0.20552884615384615 0.203125 0.12259615384615384 0.18990384615384615
2 0.3641826923076923 0.15504807692307693 0.06009615384615385 0.11538461538461539
2 0.5264423076923077 0.11899038461538461 0.040865384615384616 0.06490384615384616
2 0.6442307692307693 0.17548076923076922 0.03365384615384615 0.07932692307692307
2 0.5829326923076923 0.33413461538461536 0.038461538461538464 0.04567307692307692
2 0.6610576923076923 0.38461538461538464 0.021634615384615384 0.021634615384615384
2 0.24278846153846154 0.05048076923076923 0.12740384615384615 0.06490384615384616