2 0.43028846153846156 0.037259615384615384 0.09615384615384616 0.0673076923076923
2 0.6201923076923077 0.3557692307692308 0.057692307692307696 0.0985576923076923
2 0.6598557692307693 0.6634615384615384 0.07451923076923077 0.09615384615384616
2 0.9411057692307693 0.8990384615384616 0.11538461538461539 0.0889423076923077
2 0.9567307692307693 0.49399038461538464 0.06490384615384616 0.09375
2 0.8870192307692307 0.13221153846153846 0.13221153846153846 0.125
2 0.7151442307692307 0.21634615384615385 0.06490384615384616 0.09615384615384616
2 0.4206730769230769 0.19831730769230768 0.0625 0.125
2 0.28846153846153844 0.35697115384615385 0.04567307692307692 0.06490384615384616
2 0.8052884615384616 0.08173076923076923 0.0889423076923077 0.16346153846153846
2 0.9615384615384616 0.3329326923076923 0.0625 0.10336538461538461
2 0.6105769230769231 0.7920673076923077 0.04326923076923077 0.10576923076923077
2 0.6129807692307693 0.9723557692307693 0.06009615384615385 0.052884615384615384
2 0.4362980769230769 0.8689903846153846 0.04567307692307692 0.06009615384615385