2 0.15865384615384615 0.3401442307692308 0.31490384615384615 0.6778846153846154
2 0.4050480769230769 0.17548076923076922 0.16826923076923078 0.125
2 0.5997596153846154 0.15384615384615385 0.06971153846153846 0.1466346153846154
2 0.5384615384615384 0.3858173076923077 0.07932692307692307 0.10096153846153846
2 0.35697115384615385 0.41586538461538464 0.08653846153846154 0.10336538461538461
2 0.41346153846153844 0.4807692307692308 0.0673076923076923 0.0625
2 0.359375 0.2920673076923077 0.06971153846153846 0.10336538461538461
2 0.24158653846153846 0.703125 0.04326923076923077 0.08413461538461539
2 0.43990384615384615 0.6598557692307693 0.038461538461538464 0.040865384615384616
2 0.6490384615384616 0.5048076923076923 0.08173076923076923 0.06971153846153846
2 0.5288461538461539 0.3004807692307692 0.06971153846153846 0.09134615384615384
2 0.5805288461538461 0.02283653846153846 0.05048076923076923 0.04326923076923077
2 0.546875 0.07572115384615384 0.036057692307692304 0.057692307692307696
2 0.35096153846153844 0.07932692307692307 0.06009615384615385 0.07692307692307693
2 0.7572115384615384 0.07572115384615384 0.057692307692307696 0.057692307692307696