2 0.5444711538461539 0.30528846153846156 0.06971153846153846 0.07692307692307693
2 0.42908653846153844 0.15144230769230768 0.07692307692307693 0.09615384615384616
2 0.5456730769230769 0.026442307692307692 0.10576923076923077 0.04807692307692308
2 0.4326923076923077 0.6742788461538461 0.05048076923076923 0.038461538461538464
2 0.171875 0.37740384615384615 0.0985576923076923 0.07932692307692307
2 0.2536057692307692 0.0673076923076923 0.04326923076923077 0.05048076923076923
2 0.5180288461538461 0.5072115384615384 0.07211538461538461 0.052884615384615384
2 0.6009615384615384 0.49278846153846156 0.06490384615384616 0.036057692307692304
2 0.6177884615384616 0.4375 0.06009615384615385 0.07211538461538461
2 0.5168269230769231 0.17067307692307693 0.057692307692307696 0.06009615384615385
2 0.5865384615384616 0.1814903846153846 0.021634615384615384 0.028846153846153848