2 0.11298076923076923 0.328125 0.22596153846153846 0.4831730769230769
2 0.29927884615384615 0.109375 0.12259615384615384 0.09615384615384616
2 0.3641826923076923 0.45913461538461536 0.06971153846153846 0.04326923076923077
2 0.20673076923076922 0.7163461538461539 0.04807692307692308 0.10336538461538461
2 0.5240384615384616 0.20192307692307693 0.05048076923076923 0.10576923076923077
2 0.6346153846153846 0.0985576923076923 0.03365384615384615 0.04807692307692308
2 0.4795673076923077 0.40024038461538464 0.08173076923076923 0.08653846153846154
2 0.33533653846153844 0.28365384615384615 0.08413461538461539 0.08413461538461539
2 0.4338942307692308 0.23197115384615385 0.0889423076923077 0.0985576923076923
2 0.49158653846153844 0.054086538461538464 0.10336538461538461 0.10817307692307693
2 0.6117788461538461 0.5144230769230769 0.08653846153846154 0.07211538461538461
2 0.5204326923076923 0.6057692307692307 0.052884615384615384 0.05048076923076923
2 0.5961538461538461 0.3701923076923077 0.10576923076923077 0.04567307692307692
2 0.6262019230769231 0.27524038461538464 0.03365384615384615 0.04326923076923077