2 0.6911057692307693 0.4375 0.1201923076923077 0.24759615384615385
2 0.8064903846153846 0.2800480769230769 0.07451923076923077 0.10817307692307693
2 0.8521634615384616 0.30649038461538464 0.0673076923076923 0.08173076923076923
2 0.9326923076923077 0.359375 0.055288461538461536 0.06009615384615385
2 0.7896634615384616 0.71875 0.07451923076923077 0.0985576923076923
2 0.8401442307692307 0.9435096153846154 0.05048076923076923 0.06009615384615385
2 0.453125 0.03245192307692308 0.11057692307692307 0.06490384615384616
2 0.5252403846153846 0.019230769230769232 0.06009615384615385 0.038461538461538464
2 0.7163461538461539 0.051682692307692304 0.06490384615384616 0.09615384615384616
2 0.8882211538461539 0.09014423076923077 0.11778846153846154 0.11778846153846154
2 0.9651442307692307 0.13942307692307693 0.04807692307692308 0.06971153846153846
2 0.8846153846153846 0.5396634615384616 0.03365384615384615 0.038461538461538464
2 0.84375 0.4411057692307692 0.026442307692307692 0.0673076923076923
2 0.43149038461538464 0.16706730769230768 0.03365384615384615 0.036057692307692304