2 0.6382211538461539 0.40384615384615385 0.0985576923076923 0.16105769230769232
2 0.7019230769230769 0.5973557692307693 0.14182692307692307 0.2283653846153846
2 0.9182692307692307 0.4519230769230769 0.055288461538461536 0.0673076923076923
2 0.8257211538461539 0.28966346153846156 0.07451923076923077 0.12980769230769232
2 0.5877403846153846 0.140625 0.07451923076923077 0.1346153846153846
2 0.35216346153846156 0.12259615384615384 0.13701923076923078 0.10817307692307693
2 0.2848557692307692 0.06370192307692307 0.06490384615384616 0.10817307692307693
2 0.4831730769230769 0.15745192307692307 0.05048076923076923 0.026442307692307692
2 0.71875 0.16706730769230768 0.10817307692307693 0.15625
2 0.9387019230769231 0.17668269230769232 0.04326923076923077 0.055288461538461536
2 0.9639423076923077 0.265625 0.07211538461538461 0.09134615384615384
2 0.9519230769230769 0.5396634615384616 0.055288461538461536 0.07211538461538461
2 0.7475961538461539 0.4723557692307692 0.06490384615384616 0.09615384615384616
2 0.5612980769230769 0.31490384615384615 0.03365384615384615 0.057692307692307696
2 0.6802884615384616 0.051682692307692304 0.07451923076923077 0.10336538461538461
2 0.7884615384615384 0.021634615384615384 0.0889423076923077 0.04326923076923077