2 0.6730769230769231 0.46634615384615385 0.08173076923076923 0.14182692307692307
2 0.7283653846153846 0.6850961538461539 0.1778846153846154 0.22355769230769232
2 0.6045673076923077 0.18629807692307693 0.07451923076923077 0.16826923076923078
2 0.36177884615384615 0.1346153846153846 0.14903846153846154 0.17307692307692307
2 0.46634615384615385 0.051682692307692304 0.05048076923076923 0.08173076923076923
2 0.7776442307692307 0.038461538461538464 0.04567307692307692 0.07211538461538461
2 0.8545673076923077 0.055288461538461536 0.10576923076923077 0.10336538461538461
2 0.7055288461538461 0.11658653846153846 0.08653846153846154 0.11057692307692307
2 0.7391826923076923 0.20673076923076922 0.08173076923076923 0.14182692307692307
2 0.7403846153846154 0.22115384615384615 0.052884615384615384 0.06009615384615385
2 0.9134615384615384 0.5576923076923077 0.10576923076923077 0.08413461538461539
2 0.8629807692307693 0.38341346153846156 0.1201923076923077 0.18990384615384615
2 0.5817307692307693 0.018028846153846152 0.052884615384615384 0.036057692307692304