2 0.16466346153846154 0.2127403846153846 0.13221153846153846 0.15625
2 0.27163461538461536 0.23918269230769232 0.052884615384615384 0.0985576923076923
2 0.4639423076923077 0.21514423076923078 0.038461538461538464 0.1658653846153846
2 0.38221153846153844 0.18389423076923078 0.09375 0.15144230769230768
2 0.028846153846153848 0.13581730769230768 0.057692307692307696 0.125
2 0.7728365384615384 0.08173076923076923 0.11538461538461539 0.16346153846153846
2 0.6141826923076923 0.18990384615384615 0.038461538461538464 0.040865384615384616
2 0.42788461538461536 0.47596153846153844 0.055288461538461536 0.17548076923076922
2 0.31490384615384615 0.4230769230769231 0.04567307692307692 0.08173076923076923
2 0.46634615384615385 0.6117788461538461 0.05048076923076923 0.10336538461538461
2 0.2620192307692308 0.028846153846153848 0.07211538461538461 0.057692307692307696
2 0.18629807692307693 0.0625 0.20673076923076922 0.1201923076923077
2 0.4026442307692308 0.051682692307692304 0.14182692307692307 0.10336538461538461
2 0.39302884615384615 0.06850961538461539 0.04567307692307692 0.04567307692307692
2 0.5252403846153846 0.06610576923076923 0.04326923076923077 0.05048076923076923
2 0.5841346153846154 0.35336538461538464 0.09375 0.12740384615384615
2 0.6069711538461539 0.140625 0.05048076923076923 0.04326923076923077
2 0.6454326923076923 0.06370192307692307 0.06009615384615385 0.04326923076923077