2 0.22115384615384615 0.33413461538461536 0.057692307692307696 0.07451923076923077
2 0.20552884615384615 0.41466346153846156 0.04807692307692308 0.05048076923076923
2 0.04567307692307692 0.47716346153846156 0.08653846153846154 0.09134615384615384
2 0.13581730769230768 0.4735576923076923 0.038461538461538464 0.052884615384615384
2 0.08653846153846154 0.3161057692307692 0.036057692307692304 0.04326923076923077
2 0.12860576923076922 0.12860576923076922 0.03365384615384615 0.038461538461538464
2 0.27163461538461536 0.08052884615384616 0.04807692307692308 0.07451923076923077
2 0.3004807692307692 0.29447115384615385 0.04567307692307692 0.07692307692307693
2 0.38221153846153844 0.5024038461538461 0.10576923076923077 0.07211538461538461
2 0.27403846153846156 0.5132211538461539 0.05048076923076923 0.0625
2 0.296875 0.5925480769230769 0.05048076923076923 0.038461538461538464
2 0.3137019230769231 0.734375 0.16105769230769232 0.13942307692307693
2 0.5120192307692307 0.5709134615384616 0.028846153846153848 0.055288461538461536
2 0.48197115384615385 0.40024038461538464 0.06971153846153846 0.04807692307692308
2 0.43028846153846156 0.2956730769230769 0.06971153846153846 0.07932692307692307
2 0.4987980769230769 0.2668269230769231 0.10096153846153846 0.08173076923076923
2 0.5288461538461539 0.054086538461538464 0.06971153846153846 0.0889423076923077
2 0.6225961538461539 0.06490384615384616 0.09375 0.10336538461538461
2 0.7860576923076923 0.04326923076923077 0.09134615384615384 0.07932692307692307
2 0.7307692307692307 0.07091346153846154 0.04807692307692308 0.06009615384615385
2 0.7584134615384616 0.14543269230769232 0.052884615384615384 0.07451923076923077
2 0.6213942307692307 0.12259615384615384 0.0625 0.0625
2 0.5204326923076923 0.15504807692307693 0.07451923076923077 0.07211538461538461
2 0.3641826923076923 0.22115384615384615 0.040865384615384616 0.04326923076923077
2 0.4495192307692308 0.140625 0.03125 0.06009615384615385
2 0.5420673076923077 0.4639423076923077 0.08413461538461539 0.07451923076923077
2 0.46875 0.5625 0.06009615384615385 0.19951923076923078
2 0.9194711538461539 0.06490384615384616 0.052884615384615384 0.04567307692307692
2 0.359375 0.07091346153846154 0.040865384615384616 0.09615384615384616
2 0.39663461538461536 0.39783653846153844 0.057692307692307696 0.10336538461538461
2 0.328125 0.38341346153846156 0.057692307692307696 0.057692307692307696
2 0.12139423076923077 0.4014423076923077 0.03365384615384615 0.04807692307692308
2 0.016826923076923076 0.3641826923076923 0.03125 0.04567307692307692
2 0.29447115384615385 0.16706730769230768 0.04807692307692308 0.06971153846153846