2 0.7560096153846154 0.7235576923076923 0.1466346153846154 0.1201923076923077
2 0.6538461538461539 0.8016826923076923 0.028846153846153848 0.06971153846153846
2 0.28966346153846156 0.36538461538461536 0.055288461538461536 0.07211538461538461
2 0.3389423076923077 0.14903846153846154 0.038461538461538464 0.038461538461538464
2 0.4519230769230769 0.19110576923076922 0.03365384615384615 0.12740384615384615
2 0.8100961538461539 0.13942307692307693 0.08653846153846154 0.09134615384615384
2 0.6826923076923077 0.3425480769230769 0.06490384615384616 0.12259615384615384
2 0.6225961538461539 0.5432692307692307 0.057692307692307696 0.10576923076923077
2 0.19230769230769232 0.3605769230769231 0.04807692307692308 0.08653846153846154
2 0.7403846153846154 0.030048076923076924 0.038461538461538464 0.040865384615384616
2 0.8798076923076923 0.06009615384615385 0.052884615384615384 0.08173076923076923