2 0.06850961538461539 0.24158653846153846 0.13221153846153846 0.13221153846153846
2 0.03245192307692308 0.5901442307692307 0.06009615384615385 0.057692307692307696
2 0.27884615384615385 0.2620192307692308 0.0625 0.08653846153846154
2 0.25841346153846156 0.12379807692307693 0.057692307692307696 0.06009615384615385
2 0.5084134615384616 0.0625 0.07932692307692307 0.125
2 0.31971153846153844 0.47596153846153844 0.07692307692307693 0.0673076923076923
2 0.3581730769230769 0.6430288461538461 0.04807692307692308 0.05048076923076923
2 0.4026442307692308 0.5456730769230769 0.05048076923076923 0.038461538461538464
2 0.4326923076923077 0.6141826923076923 0.07932692307692307 0.055288461538461536
2 0.5228365384615384 0.546875 0.06009615384615385 0.10096153846153846
2 0.4879807692307692 0.359375 0.05048076923076923 0.0625
2 0.38221153846153844 0.14302884615384615 0.036057692307692304 0.05048076923076923
2 0.265625 0.7944711538461539 0.06490384615384616 0.08653846153846154
2 0.44591346153846156 0.34615384615384615 0.04567307692307692 0.08413461538461539
2 0.20072115384615385 0.3605769230769231 0.09615384615384616 0.07211538461538461
2 0.1658653846153846 0.1045673076923077 0.09375 0.12259615384615384