2 0.5336538461538461 0.20552884615384615 0.0625 0.14423076923076922
2 0.19471153846153846 0.23798076923076922 0.17067307692307693 0.2283653846153846
2 0.49759615384615385 0.5216346153846154 0.0625 0.11298076923076923
2 0.0625 0.5048076923076923 0.1201923076923077 0.15865384615384615
2 0.06610576923076923 0.1935096153846154 0.0889423076923077 0.057692307692307696
2 0.057692307692307696 0.0625 0.09375 0.0673076923076923
2 0.22355769230769232 0.13341346153846154 0.06490384615384616 0.13942307692307693
2 0.28125 0.15144230769230768 0.07211538461538461 0.07211538461538461
2 0.3088942307692308 0.2800480769230769 0.0889423076923077 0.12980769230769232
2 0.3737980769230769 0.2644230769230769 0.05048076923076923 0.14182692307692307
2 0.4831730769230769 0.30288461538461536 0.040865384615384616 0.052884615384615384
2 0.46033653846153844 0.23798076923076922 0.07932692307692307 0.08653846153846154
2 0.47115384615384615 0.12740384615384615 0.10096153846153846 0.16105769230769232
2 0.29927884615384615 0.07211538461538461 0.028846153846153848 0.04807692307692308