2 0.46033653846153844 0.22235576923076922 0.055288461538461536 0.16105769230769232
2 0.08774038461538461 0.11899038461538461 0.057692307692307696 0.13942307692307693
2 0.09735576923076923 0.30288461538461536 0.07692307692307693 0.0673076923076923
2 0.44711538461538464 0.5649038461538461 0.0625 0.09375
2 0.19591346153846154 0.18509615384615385 0.10096153846153846 0.14182692307692307
2 0.2764423076923077 0.20192307692307693 0.04567307692307692 0.10096153846153846
2 0.375 0.0733173076923077 0.05048076923076923 0.06009615384615385
2 0.34134615384615385 0.16466346153846154 0.057692307692307696 0.10336538461538461
2 0.265625 0.06610576923076923 0.07692307692307693 0.08653846153846154
2 0.47716346153846156 0.07932692307692307 0.0673076923076923 0.08653846153846154
2 0.5576923076923077 0.057692307692307696 0.038461538461538464 0.052884615384615384
2 0.5168269230769231 0.2091346153846154 0.038461538461538464 0.10096153846153846
2 0.640625 0.1622596153846154 0.036057692307692304 0.06971153846153846
2 0.6899038461538461 0.10817307692307693 0.057692307692307696 0.07692307692307693
2 0.5757211538461539 0.3317307692307692 0.04807692307692308 0.055288461538461536
2 0.6177884615384616 0.265625 0.036057692307692304 0.0673076923076923
2 0.7355769230769231 0.04326923076923077 0.07692307692307693 0.08653846153846154
2 0.4098557692307692 0.21995192307692307 0.04567307692307692 0.08653846153846154
2 0.42427884615384615 0.042067307692307696 0.026442307692307692 0.040865384615384616
2 0.2548076923076923 0.28846153846153844 0.06971153846153846 0.04567307692307692