2 0.4579326923076923 0.20432692307692307 0.036057692307692304 0.16105769230769232
2 0.2668269230769231 0.2283653846153846 0.09375 0.07932692307692307
2 0.3629807692307692 0.1778846153846154 0.0673076923076923 0.18990384615384615
2 0.06610576923076923 0.34975961538461536 0.10336538461538461 0.036057692307692304
2 0.1502403846153846 0.23076923076923078 0.14182692307692307 0.21394230769230768
2 0.4831730769230769 0.07692307692307693 0.06971153846153846 0.08653846153846154
2 0.23798076923076922 0.028846153846153848 0.07451923076923077 0.04807692307692308
2 0.109375 0.07091346153846154 0.052884615384615384 0.03125
2 0.2668269230769231 0.13701923076923078 0.04326923076923077 0.06490384615384616
2 0.46274038461538464 0.6141826923076923 0.02403846153846154 0.0889423076923077
2 0.4206730769230769 0.44711538461538464 0.04567307692307692 0.17307692307692307
2 0.30649038461538464 0.4266826923076923 0.038461538461538464 0.08173076923076923