2 0.32211538461538464 0.12620192307692307 0.1346153846153846 0.13221153846153846
2 0.12259615384615384 0.4050480769230769 0.24519230769230768 0.6754807692307693
2 0.3329326923076923 0.41586538461538464 0.06009615384615385 0.11298076923076923
2 0.5072115384615384 0.4014423076923077 0.07211538461538461 0.08653846153846154
2 0.5733173076923077 0.20673076923076922 0.07932692307692307 0.19230769230769232
2 0.6802884615384616 0.06490384615384616 0.040865384615384616 0.04567307692307692
2 0.49038461538461536 0.25721153846153844 0.019230769230769232 0.036057692307692304
2 0.39783653846153844 0.5036057692307693 0.07932692307692307 0.040865384615384616
2 0.41586538461538464 0.6706730769230769 0.03365384615384615 0.04326923076923077
2 0.5540865384615384 0.6298076923076923 0.040865384615384616 0.055288461538461536
2 0.6153846153846154 0.5168269230769231 0.03365384615384615 0.05048076923076923
2 0.5901442307692307 0.4014423076923077 0.040865384615384616 0.036057692307692304
2 0.6610576923076923 0.5528846153846154 0.03365384615384615 0.055288461538461536
2 0.5348557692307693 0.021634615384615384 0.04567307692307692 0.038461538461538464
2 0.36538461538461536 0.27524038461538464 0.06009615384615385 0.10817307692307693
2 0.4182692307692308 0.31971153846153844 0.04567307692307692 0.08653846153846154
2 0.31009615384615385 0.29086538461538464 0.06009615384615385 0.08173076923076923
2 0.10336538461538461 0.05889423076923077 0.038461538461538464 0.06971153846153846
2 0.13701923076923078 0.1045673076923077 0.03125 0.06009615384615385
2 0.2403846153846154 0.37740384615384615 0.057692307692307696 0.0889423076923077
2 0.4567307692307692 0.20192307692307693 0.057692307692307696 0.04326923076923077
2 0.5264423076923077 0.2980769230769231 0.028846153846153848 0.052884615384615384
2 0.2548076923076923 0.7235576923076923 0.11778846153846154 0.10576923076923077